
# Summary table 

Name , Value
Genome , GRCh38.86 
Date , 2026-09-03 11:45
SnpEff_version , SnpEff 5.4c (build 2026-02-23 07:25), by Pablo Cingolani
Command_line_arguments , SnpEff  -csvStats summary GRCh38.86 cftr_clinvar.vcf 
Warnings , 9949 
Number_of_lines_in_input_file, 6156
Number_of_variants_before_filter, 6159
Number_of_not_variants , 0
Number_of_variants_processed , 6152
Number_of_known_variants (i.e. non-empty ID) , 6152, 100% 
Number_of_effects , 19752 
Genome_total_length ,47871129543 
Genome_effective_length ,159345973 
Change_rate , 25901 

# Change rate by chromosome

Chromosome , Length , Changes , Change_rate 
7 , 159345973 , 6152 , 25901

# Variantss by type

Type , Count , Percent 
DEL , 633 , 10.289337% 
INS , 229 , 3.722367% 
MIXED , 65 , 1.056567% 
MNP , 18 , 0.292588% 
SNP , 5207 , 84.639142% 

# Effects by impact

Type , Count , Percent 
HIGH , 2696 , 13.649251% 
LOW , 3104 , 15.714864% 
MODERATE , 5923 , 29.986837% 
MODIFIER , 8029 , 40.649048% 

# Effects by functional class

Type , Count , Percent 
MISSENSE , 5772 , 64.926884% 
NONSENSE , 699 , 7.862767% 
SILENT , 2419 , 27.210349% 

Missense_Silent_ratio, 2.38611

# Count by effects

Type , Count , Percent 
3_prime_UTR_truncation , 2 , 0.009219% 
3_prime_UTR_variant , 43 , 0.198202% 
5_prime_UTR_premature_start_codon_gain_variant , 31 , 0.14289% 
5_prime_UTR_truncation , 10 , 0.046094% 
5_prime_UTR_variant , 256 , 1.179995% 
bidirectional_gene_fusion , 11 , 0.050703% 
conservative_inframe_deletion , 49 , 0.225858% 
conservative_inframe_insertion , 10 , 0.046094% 
disruptive_inframe_deletion , 76 , 0.350311% 
disruptive_inframe_insertion , 24 , 0.110625% 
downstream_gene_variant , 2637 , 12.154874% 
exon_loss_variant , 119 , 0.548513% 
frameshift_variant , 1391 , 6.411616% 
intron_variant , 4902 , 22.595068% 
missense_variant , 5857 , 26.997004% 
non_coding_transcript_exon_variant , 93 , 0.42867% 
non_coding_transcript_variant , 4 , 0.018437% 
splice_acceptor_variant , 241 , 1.110855% 
splice_donor_variant , 294 , 1.355151% 
splice_region_variant , 1152 , 5.309979% 
start_lost , 17 , 0.078359% 
start_retained_variant , 1 , 0.004609% 
stop_gained , 758 , 3.493893% 
stop_lost , 7 , 0.032265% 
stop_retained_variant , 1 , 0.004609% 
synonymous_variant , 2460 , 11.339018% 
upstream_gene_variant , 1249 , 5.757087% 

# Count by genomic region

Type , Count , Percent 
DOWNSTREAM , 2637 , 13.350547% 
EXON , 10567 , 53.49838% 
GENE , 11 , 0.055691% 
INTRON , 3780 , 19.137303% 
SPLICE_SITE_ACCEPTOR , 207 , 1.047995% 
SPLICE_SITE_DONOR , 243 , 1.230255% 
SPLICE_SITE_REGION , 726 , 3.675577% 
TRANSCRIPT , 4 , 0.020251% 
UPSTREAM , 1249 , 6.32341% 
UTR_3_PRIME , 43 , 0.217699% 
UTR_5_PRIME , 285 , 1.442892% 

# Quality 


# InDel lengths

Values , 0,1,2,3,4,5,6,7,9,10,11,15,26,111,119,120,4722,5332
Count , 135,664,16,20,7,4,1,3,1,1,2,2,1,1,1,1,1,1

# Base changes

base  , A  , C  , G  , T 
 A  , 0  , 264  , 806  , 281 
 C  , 266  , 0  , 306  , 671 
 G  , 687  , 283  , 0  , 406 
 T  , 268  , 675  , 294  , 0 

# Ts/Tv summary

Transitions , 2839
Transversions , 2368
Ts_Tv_ratio , 1.198902

# Ts/Tv : All variants

Sample ,Total
Transitions ,2839,2839
Transversions ,2368,2368
Ts/Tv ,1.199,1.199


# Ts/Tv : Known variants

Sample ,Total
Transitions ,2839,2839
Transversions ,2368,2368
Ts/Tv ,1.199,1.199


# Allele frequency

# Allele frequency : All variants

Values , 
Count , 

# Allele Count

Values , 1
Count , 6150

# Hom/Het table

Sample_names 
Reference 
Het 
Hom 
Missing 


# Codon change table
	
codons  , -  , AAA  , AAC  , AAG  , AAT  , ACA  , ACC  , ACG  , ACT  , AGA  , AGC  , AGG  , AGT  , ATA  , ATC  , ATG  , ATT  , CAA  , CAC  , CAG  , CAT  , CCA  , CCC  , CCG  , CCT  , CGA  , CGC  , CGG  , CGT  , CTA  , CTC  , CTG  , CTT  , GAA  , GAC  , GAG  , GAN  , GAT  , GCA  , GCC  , GCG  , GCT  , GGA  , GGC  , GGG  , GGT  , GTA  , GTC  , GTG  , GTT  , NNN  , TAA  , TAC  , TAG  , TAT  , TCA  , TCC  , TCG  , TCT  , TGA  , TGC  , TGG  , TGT  , TTA  , TTC  , TTG  , TTN  , TTT 
 -   , 0  , 19  , 3  , 8  , 3  , 0  , 6  , 2  , 2  , 5  , 0  , 9  , 4  , 2  , 2  , 10  , 8  , 4  , 7  , 13  , 0  , 4  , 3  , 4  , 0  , 0  , 4  , 0  , 2  , 0  , 6  , 0  , 3  , 2  , 0  , 9  , 0  , 10  , 0  , 6  , 0  , 5  , 8  , 7  , 5  , 0  , 0  , 2  , 4  , 3  , 6  , 9  , 5  , 2  , 15  , 3  , 7  , 2  , 10  , 2  , 10  , 12  , 0  , 2  , 2  , 5  , 2  , 53 
 AAA   , 205  , 8  , 21  , 46  , 16  , 30  , 0  , 1  , 6  , 42  , 0  , 6  , 4  , 17  , 2  , 6  , 2  , 23  , 1  , 5  , 0  , 2  , 1  , 4  , 2  , 0  , 0  , 0  , 0  , 0  , 4  , 9  , 6  , 63  , 5  , 0  , 0  , 3  , 0  , 3  , 0  , 0  , 7  , 2  , 1  , 5  , 4  , 0  , 1  , 3  , 0  , 26  , 4  , 3  , 6  , 6  , 2  , 0  , 6  , 10  , 2  , 1  , 5  , 0  , 3  , 4  , 0  , 8 
 AAC   , 111  , 35  , 3  , 16  , 50  , 1  , 7  , 4  , 0  , 2  , 20  , 0  , 3  , 4  , 15  , 0  , 0  , 4  , 8  , 4  , 0  , 2  , 0  , 0  , 1  , 0  , 0  , 0  , 0  , 1  , 0  , 0  , 1  , 7  , 17  , 0  , 0  , 3  , 0  , 1  , 0  , 1  , 2  , 3  , 0  , 0  , 0  , 0  , 0  , 1  , 0  , 6  , 11  , 0  , 2  , 0  , 2  , 0  , 2  , 0  , 1  , 5  , 1  , 2  , 0  , 0  , 0  , 2 
 AAG   , 172  , 75  , 19  , 7  , 14  , 4  , 0  , 12  , 2  , 3  , 6  , 36  , 2  , 0  , 0  , 6  , 2  , 6  , 4  , 14  , 6  , 5  , 0  , 1  , 5  , 0  , 0  , 0  , 0  , 2  , 0  , 4  , 8  , 1  , 0  , 39  , 0  , 2  , 2  , 0  , 0  , 2  , 2  , 3  , 2  , 0  , 2  , 0  , 0  , 4  , 0  , 9  , 0  , 30  , 0  , 2  , 3  , 0  , 1  , 2  , 2  , 2  , 0  , 0  , 2  , 4  , 0  , 1 
 AAT   , 82  , 32  , 41  , 7  , 8  , 2  , 0  , 0  , 11  , 2  , 2  , 0  , 21  , 4  , 1  , 0  , 14  , 1  , 3  , 9  , 8  , 4  , 0  , 2  , 2  , 2  , 0  , 0  , 1  , 0  , 2  , 0  , 2  , 0  , 0  , 0  , 0  , 18  , 0  , 2  , 0  , 1  , 2  , 0  , 2  , 1  , 0  , 3  , 2  , 0  , 0  , 0  , 0  , 0  , 11  , 0  , 0  , 0  , 0  , 0  , 1  , 7  , 2  , 2  , 1  , 0  , 0  , 2 
 ACA   , 179  , 27  , 7  , 4  , 5  , 1  , 29  , 37  , 23  , 15  , 1  , 5  , 2  , 30  , 2  , 0  , 4  , 0  , 0  , 6  , 0  , 13  , 2  , 2  , 2  , 0  , 0  , 0  , 0  , 0  , 0  , 0  , 2  , 1  , 0  , 2  , 0  , 4  , 30  , 1  , 0  , 0  , 2  , 4  , 5  , 3  , 4  , 3  , 0  , 3  , 0  , 0  , 0  , 2  , 0  , 17  , 2  , 0  , 3  , 1  , 5  , 4  , 0  , 2  , 4  , 0  , 0  , 6 
 ACC   , 51  , 0  , 16  , 0  , 0  , 12  , 0  , 12  , 25  , 2  , 14  , 2  , 1  , 0  , 17  , 2  , 2  , 0  , 0  , 0  , 4  , 2  , 5  , 0  , 3  , 2  , 0  , 0  , 0  , 0  , 1  , 0  , 2  , 3  , 0  , 2  , 0  , 0  , 1  , 6  , 0  , 0  , 0  , 0  , 0  , 1  , 1  , 0  , 0  , 0  , 0  , 0  , 0  , 2  , 0  , 0  , 7  , 2  , 0  , 4  , 1  , 2  , 1  , 0  , 2  , 0  , 0  , 0 
 ACG   , 8  , 0  , 2  , 2  , 0  , 6  , 2  , 0  , 2  , 2  , 0  , 2  , 0  , 0  , 0  , 8  , 1  , 0  , 0  , 0  , 0  , 0  , 0  , 2  , 0  , 0  , 0  , 0  , 0  , 0  , 0  , 0  , 1  , 0  , 0  , 0  , 0  , 0  , 0  , 0  , 2  , 0  , 0  , 0  , 0  , 0  , 0  , 0  , 0  , 0  , 0  , 0  , 0  , 0  , 0  , 0  , 0  , 2  , 0  , 0  , 0  , 0  , 1  , 0  , 0  , 0  , 0  , 2 
 ACT   , 112  , 0  , 10  , 1  , 13  , 12  , 28  , 13  , 4  , 7  , 1  , 4  , 24  , 0  , 3  , 8  , 32  , 1  , 2  , 2  , 3  , 3  , 0  , 2  , 20  , 0  , 0  , 0  , 0  , 0  , 5  , 1  , 1  , 2  , 9  , 4  , 0  , 2  , 0  , 2  , 0  , 30  , 1  , 3  , 2  , 2  , 3  , 1  , 0  , 2  , 0  , 0  , 4  , 3  , 4  , 5  , 3  , 0  , 14  , 1  , 2  , 6  , 3  , 0  , 4  , 2  , 0  , 4 
 AGA   , 147  , 25  , 9  , 11  , 7  , 22  , 0  , 0  , 0  , 4  , 11  , 53  , 13  , 21  , 0  , 0  , 3  , 1  , 3  , 1  , 6  , 3  , 1  , 2  , 1  , 5  , 0  , 0  , 0  , 0  , 6  , 3  , 4  , 7  , 3  , 0  , 0  , 1  , 4  , 4  , 0  , 0  , 44  , 0  , 2  , 1  , 0  , 1  , 0  , 2  , 0  , 2  , 2  , 7  , 3  , 1  , 0  , 0  , 2  , 27  , 2  , 1  , 5  , 0  , 3  , 0  , 0  , 3 
 AGC   , 100  , 4  , 23  , 10  , 0  , 0  , 14  , 2  , 0  , 20  , 3  , 16  , 28  , 2  , 12  , 4  , 1  , 1  , 3  , 0  , 2  , 0  , 0  , 0  , 3  , 3  , 9  , 0  , 0  , 0  , 2  , 0  , 0  , 0  , 2  , 3  , 0  , 0  , 4  , 2  , 0  , 1  , 3  , 20  , 2  , 0  , 0  , 0  , 0  , 0  , 0  , 0  , 1  , 0  , 0  , 0  , 2  , 0  , 1  , 6  , 6  , 3  , 2  , 0  , 2  , 2  , 0  , 2 
 AGG   , 87  , 0  , 0  , 20  , 0  , 0  , 0  , 4  , 0  , 16  , 8  , 0  , 13  , 2  , 2  , 10  , 0  , 0  , 0  , 3  , 4  , 0  , 0  , 0  , 0  , 0  , 0  , 8  , 0  , 0  , 0  , 0  , 1  , 0  , 2  , 0  , 0  , 0  , 0  , 2  , 0  , 2  , 1  , 0  , 15  , 0  , 1  , 0  , 0  , 0  , 0  , 0  , 0  , 1  , 1  , 3  , 0  , 2  , 1  , 0  , 2  , 2  , 0  , 0  , 0  , 2  , 0  , 1 
 AGT   , 52  , 5  , 0  , 5  , 22  , 0  , 3  , 0  , 17  , 6  , 22  , 17  , 2  , 2  , 2  , 2  , 19  , 2  , 0  , 2  , 1  , 0  , 0  , 0  , 0  , 1  , 0  , 0  , 6  , 0  , 2  , 2  , 4  , 2  , 0  , 0  , 0  , 3  , 0  , 0  , 0  , 0  , 5  , 0  , 0  , 11  , 0  , 0  , 2  , 5  , 0  , 0  , 0  , 0  , 4  , 0  , 0  , 0  , 0  , 2  , 0  , 0  , 11  , 0  , 2  , 0  , 0  , 2 
 ATA   , 146  , 7  , 4  , 5  , 4  , 42  , 0  , 2  , 4  , 18  , 1  , 3  , 7  , 0  , 7  , 27  , 21  , 0  , 0  , 6  , 2  , 0  , 0  , 0  , 3  , 0  , 0  , 0  , 0  , 11  , 0  , 1  , 2  , 6  , 0  , 0  , 0  , 3  , 0  , 1  , 0  , 2  , 0  , 1  , 1  , 1  , 43  , 0  , 0  , 2  , 0  , 3  , 3  , 1  , 0  , 6  , 5  , 2  , 5  , 7  , 9  , 3  , 2  , 7  , 4  , 2  , 0  , 9 
 ATC   , 115  , 2  , 38  , 4  , 10  , 5  , 26  , 0  , 0  , 5  , 12  , 0  , 0  , 28  , 2  , 28  , 53  , 3  , 2  , 4  , 1  , 2  , 0  , 0  , 0  , 1  , 1  , 0  , 0  , 2  , 20  , 2  , 2  , 4  , 1  , 0  , 0  , 2  , 3  , 2  , 1  , 3  , 5  , 5  , 1  , 0  , 0  , 44  , 2  , 2  , 0  , 6  , 1  , 1  , 7  , 0  , 2  , 0  , 0  , 8  , 5  , 2  , 1  , 0  , 11  , 2  , 0  , 1 
 ATG   , 131  , 6  , 2  , 24  , 11  , 2  , 1  , 46  , 2  , 5  , 9  , 34  , 6  , 48  , 13  , 1  , 19  , 4  , 2  , 2  , 5  , 0  , 0  , 0  , 1  , 0  , 0  , 0  , 0  , 0  , 2  , 11  , 6  , 3  , 0  , 2  , 0  , 0  , 1  , 2  , 1  , 2  , 2  , 2  , 4  , 0  , 2  , 0  , 52  , 2  , 0  , 1  , 2  , 1  , 4  , 1  , 1  , 0  , 1  , 3  , 0  , 4  , 5  , 2  , 0  , 24  , 0  , 6 
 ATT   , 241  , 5  , 3  , 10  , 35  , 1  , 0  , 0  , 60  , 11  , 6  , 0  , 38  , 31  , 37  , 19  , 3  , 5  , 4  , 2  , 6  , 4  , 0  , 0  , 0  , 0  , 0  , 0  , 2  , 0  , 4  , 1  , 21  , 4  , 3  , 2  , 0  , 4  , 2  , 2  , 2  , 0  , 3  , 0  , 1  , 2  , 0  , 1  , 4  , 66  , 0  , 0  , 3  , 2  , 3  , 5  , 7  , 4  , 2  , 9  , 4  , 4  , 2  , 0  , 5  , 2  , 0  , 34 
 CAA   , 168  , 43  , 6  , 2  , 1  , 11  , 0  , 2  , 2  , 2  , 3  , 3  , 2  , 0  , 0  , 0  , 3  , 2  , 16  , 48  , 3  , 23  , 0  , 0  , 0  , 16  , 0  , 0  , 1  , 2  , 0  , 8  , 4  , 14  , 1  , 2  , 0  , 2  , 4  , 2  , 0  , 2  , 4  , 3  , 1  , 1  , 0  , 0  , 0  , 1  , 0  , 68  , 0  , 2  , 2  , 2  , 4  , 0  , 4  , 4  , 0  , 4  , 3  , 3  , 1  , 4  , 0  , 2 
 CAC   , 73  , 1  , 5  , 0  , 4  , 2  , 1  , 0  , 0  , 1  , 0  , 1  , 2  , 0  , 0  , 0  , 0  , 0  , 0  , 8  , 30  , 3  , 6  , 0  , 6  , 2  , 13  , 0  , 0  , 4  , 11  , 0  , 0  , 0  , 4  , 2  , 0  , 0  , 0  , 4  , 0  , 0  , 0  , 0  , 0  , 0  , 0  , 0  , 0  , 0  , 0  , 2  , 26  , 0  , 0  , 1  , 0  , 0  , 0  , 0  , 0  , 0  , 1  , 0  , 1  , 0  , 0  , 7 
 CAG   , 134  , 2  , 3  , 19  , 5  , 4  , 0  , 0  , 3  , 9  , 5  , 1  , 1  , 0  , 2  , 1  , 0  , 50  , 21  , 0  , 15  , 3  , 0  , 28  , 2  , 0  , 0  , 41  , 0  , 0  , 0  , 9  , 4  , 4  , 0  , 20  , 0  , 5  , 0  , 4  , 0  , 5  , 2  , 2  , 0  , 0  , 0  , 0  , 2  , 0  , 0  , 1  , 0  , 59  , 2  , 4  , 0  , 1  , 3  , 1  , 1  , 7  , 4  , 2  , 0  , 4  , 0  , 3 
 CAT   , 56  , 0  , 2  , 0  , 6  , 0  , 0  , 0  , 3  , 3  , 0  , 0  , 4  , 0  , 0  , 0  , 2  , 7  , 13  , 7  , 2  , 2  , 0  , 0  , 10  , 0  , 0  , 0  , 13  , 2  , 0  , 0  , 8  , 1  , 0  , 2  , 0  , 4  , 0  , 2  , 0  , 0  , 2  , 2  , 0  , 0  , 0  , 0  , 0  , 0  , 0  , 2  , 0  , 0  , 17  , 0  , 0  , 0  , 2  , 2  , 0  , 0  , 1  , 0  , 0  , 0  , 0  , 2 
 CCA   , 41  , 0  , 0  , 0  , 2  , 16  , 1  , 0  , 0  , 2  , 5  , 1  , 2  , 0  , 2  , 0  , 1  , 2  , 5  , 2  , 2  , 0  , 0  , 19  , 2  , 13  , 0  , 0  , 0  , 14  , 0  , 2  , 0  , 0  , 0  , 2  , 0  , 2  , 4  , 2  , 0  , 3  , 3  , 0  , 0  , 0  , 2  , 0  , 0  , 0  , 0  , 0  , 0  , 0  , 0  , 15  , 0  , 0  , 2  , 0  , 2  , 0  , 1  , 0  , 0  , 2  , 0  , 4 
 CCC   , 75  , 2  , 0  , 0  , 1  , 2  , 7  , 0  , 0  , 1  , 0  , 0  , 2  , 0  , 0  , 0  , 2  , 0  , 8  , 0  , 0  , 0  , 0  , 12  , 23  , 0  , 7  , 0  , 0  , 3  , 18  , 0  , 0  , 3  , 0  , 0  , 0  , 0  , 2  , 4  , 0  , 1  , 0  , 0  , 0  , 0  , 0  , 0  , 2  , 2  , 0  , 0  , 3  , 0  , 0  , 2  , 14  , 0  , 0  , 5  , 1  , 0  , 0  , 0  , 0  , 2  , 0  , 1 
 CCG   , 8  , 0  , 0  , 0  , 0  , 0  , 0  , 0  , 0  , 0  , 0  , 0  , 0  , 0  , 0  , 0  , 0  , 0  , 0  , 0  , 0  , 3  , 0  , 0  , 3  , 0  , 0  , 3  , 0  , 0  , 0  , 3  , 0  , 0  , 0  , 0  , 0  , 0  , 0  , 0  , 3  , 0  , 0  , 0  , 1  , 0  , 0  , 0  , 0  , 0  , 0  , 0  , 0  , 0  , 0  , 0  , 0  , 3  , 0  , 0  , 0  , 0  , 0  , 0  , 0  , 0  , 0  , 0 
 CCT   , 63  , 1  , 2  , 2  , 1  , 0  , 0  , 2  , 15  , 5  , 0  , 0  , 0  , 3  , 0  , 3  , 0  , 0  , 0  , 0  , 11  , 13  , 27  , 7  , 2  , 0  , 0  , 0  , 20  , 0  , 0  , 0  , 31  , 0  , 0  , 1  , 0  , 1  , 0  , 0  , 4  , 18  , 0  , 0  , 0  , 2  , 0  , 0  , 0  , 1  , 0  , 6  , 1  , 1  , 0  , 4  , 3  , 0  , 33  , 8  , 0  , 2  , 1  , 0  , 2  , 0  , 0  , 0 
 CGA   , 27  , 2  , 0  , 1  , 0  , 0  , 0  , 0  , 3  , 11  , 0  , 0  , 0  , 0  , 2  , 0  , 0  , 24  , 1  , 0  , 0  , 8  , 0  , 0  , 2  , 0  , 2  , 11  , 5  , 16  , 0  , 0  , 0  , 1  , 0  , 0  , 0  , 0  , 0  , 0  , 0  , 0  , 10  , 0  , 2  , 0  , 0  , 2  , 3  , 1  , 0  , 0  , 0  , 0  , 0  , 0  , 2  , 0  , 2  , 21  , 1  , 0  , 0  , 0  , 0  , 0  , 0  , 2 
 CGC   , 23  , 0  , 0  , 0  , 0  , 0  , 0  , 0  , 0  , 1  , 5  , 0  , 0  , 0  , 0  , 0  , 0  , 2  , 12  , 2  , 0  , 0  , 10  , 0  , 0  , 2  , 0  , 2  , 7  , 0  , 12  , 0  , 3  , 1  , 0  , 0  , 0  , 0  , 0  , 0  , 0  , 0  , 2  , 7  , 0  , 0  , 0  , 0  , 0  , 1  , 0  , 0  , 0  , 0  , 3  , 0  , 0  , 0  , 0  , 0  , 12  , 0  , 0  , 0  , 0  , 0  , 0  , 2 
 CGG   , 55  , 2  , 0  , 0  , 0  , 0  , 0  , 0  , 0  , 1  , 1  , 4  , 0  , 0  , 0  , 0  , 2  , 0  , 0  , 17  , 0  , 2  , 0  , 7  , 0  , 11  , 2  , 0  , 9  , 0  , 2  , 2  , 2  , 0  , 0  , 0  , 0  , 0  , 0  , 0  , 0  , 0  , 0  , 0  , 6  , 0  , 0  , 0  , 2  , 1  , 0  , 0  , 2  , 0  , 0  , 0  , 0  , 0  , 1  , 0  , 0  , 17  , 0  , 0  , 0  , 0  , 0  , 0 
 CGT   , 12  , 0  , 0  , 0  , 2  , 0  , 0  , 0  , 0  , 2  , 0  , 0  , 6  , 0  , 0  , 0  , 0  , 0  , 0  , 0  , 6  , 0  , 0  , 0  , 1  , 1  , 0  , 0  , 2  , 2  , 0  , 0  , 3  , 0  , 0  , 0  , 0  , 0  , 0  , 0  , 0  , 0  , 0  , 0  , 0  , 0  , 0  , 0  , 0  , 0  , 0  , 0  , 0  , 0  , 0  , 0  , 0  , 0  , 0  , 1  , 0  , 0  , 7  , 0  , 0  , 0  , 0  , 0 
 CTA   , 74  , 4  , 0  , 0  , 2  , 2  , 0  , 1  , 1  , 1  , 4  , 0  , 0  , 1  , 2  , 0  , 1  , 9  , 2  , 3  , 0  , 27  , 0  , 0  , 5  , 6  , 0  , 0  , 0  , 0  , 7  , 24  , 13  , 7  , 1  , 0  , 0  , 2  , 0  , 2  , 0  , 1  , 0  , 3  , 0  , 0  , 13  , 0  , 0  , 0  , 0  , 0  , 0  , 0  , 2  , 0  , 0  , 0  , 0  , 2  , 2  , 1  , 0  , 22  , 0  , 2  , 0  , 3 
 CTC   , 128  , 0  , 4  , 2  , 0  , 2  , 0  , 0  , 1  , 6  , 5  , 0  , 1  , 0  , 21  , 2  , 2  , 0  , 12  , 0  , 1  , 1  , 22  , 0  , 0  , 0  , 6  , 0  , 0  , 7  , 1  , 26  , 41  , 1  , 2  , 0  , 0  , 4  , 0  , 0  , 0  , 0  , 2  , 0  , 0  , 2  , 0  , 19  , 1  , 0  , 0  , 0  , 1  , 6  , 0  , 2  , 2  , 3  , 0  , 7  , 2  , 1  , 0  , 2  , 29  , 7  , 0  , 4 
 CTG   , 198  , 1  , 5  , 3  , 0  , 5  , 0  , 0  , 3  , 7  , 2  , 0  , 4  , 6  , 0  , 11  , 2  , 0  , 2  , 10  , 1  , 4  , 0  , 36  , 8  , 0  , 1  , 23  , 1  , 26  , 12  , 1  , 27  , 6  , 2  , 2  , 0  , 3  , 1  , 0  , 0  , 0  , 5  , 2  , 0  , 1  , 0  , 0  , 17  , 2  , 0  , 7  , 0  , 1  , 2  , 2  , 0  , 1  , 5  , 8  , 5  , 0  , 1  , 5  , 0  , 56  , 0  , 4 
 CTT   , 109  , 1  , 2  , 0  , 1  , 0  , 4  , 2  , 3  , 1  , 4  , 4  , 2  , 2  , 2  , 1  , 6  , 8  , 0  , 0  , 15  , 0  , 0  , 2  , 30  , 2  , 0  , 0  , 14  , 8  , 24  , 12  , 5  , 3  , 1  , 6  , 0  , 2  , 0  , 2  , 0  , 1  , 1  , 0  , 2  , 0  , 4  , 0  , 0  , 22  , 0  , 0  , 0  , 2  , 0  , 0  , 2  , 1  , 0  , 7  , 0  , 3  , 2  , 4  , 0  , 1  , 0  , 32 
 GAA   , 251  , 52  , 1  , 8  , 5  , 6  , 0  , 0  , 1  , 13  , 2  , 1  , 10  , 1  , 0  , 3  , 4  , 31  , 5  , 2  , 4  , 2  , 1  , 0  , 0  , 3  , 0  , 0  , 0  , 4  , 7  , 6  , 4  , 0  , 22  , 49  , 0  , 22  , 27  , 2  , 0  , 2  , 44  , 4  , 2  , 6  , 26  , 2  , 4  , 1  , 0  , 93  , 0  , 6  , 3  , 9  , 2  , 0  , 2  , 4  , 3  , 13  , 2  , 1  , 4  , 1  , 0  , 6 
 GAC   , 66  , 1  , 26  , 2  , 0  , 2  , 0  , 0  , 0  , 10  , 0  , 0  , 4  , 0  , 0  , 2  , 0  , 2  , 9  , 1  , 1  , 3  , 0  , 1  , 0  , 3  , 0  , 0  , 0  , 2  , 2  , 0  , 1  , 15  , 1  , 11  , 0  , 40  , 2  , 9  , 2  , 0  , 0  , 24  , 3  , 0  , 0  , 7  , 2  , 2  , 0  , 2  , 10  , 2  , 0  , 0  , 0  , 0  , 0  , 3  , 1  , 2  , 2  , 2  , 3  , 0  , 0  , 1 
 GAG   , 116  , 1  , 2  , 21  , 4  , 2  , 0  , 0  , 2  , 8  , 2  , 0  , 3  , 0  , 0  , 0  , 1  , 0  , 1  , 18  , 2  , 0  , 2  , 0  , 1  , 2  , 0  , 0  , 0  , 1  , 0  , 2  , 2  , 48  , 14  , 3  , 0  , 11  , 3  , 2  , 10  , 0  , 5  , 0  , 17  , 0  , 0  , 0  , 8  , 3  , 0  , 6  , 2  , 27  , 0  , 0  , 0  , 0  , 0  , 5  , 2  , 0  , 0  , 2  , 2  , 2  , 0  , 2 
 GAN   , 3  , 0  , 0  , 0  , 0  , 0  , 0  , 0  , 0  , 0  , 0  , 0  , 0  , 0  , 0  , 0  , 0  , 0  , 0  , 0  , 0  , 0  , 0  , 0  , 0  , 0  , 0  , 0  , 0  , 0  , 0  , 0  , 0  , 0  , 0  , 0  , 0  , 0  , 0  , 0  , 0  , 0  , 0  , 0  , 0  , 0  , 0  , 0  , 0  , 0  , 0  , 0  , 0  , 0  , 0  , 0  , 0  , 0  , 0  , 0  , 0  , 0  , 0  , 0  , 0  , 0  , 0  , 0 
 GAT   , 139  , 1  , 4  , 4  , 35  , 1  , 1  , 2  , 4  , 14  , 6  , 4  , 5  , 1  , 4  , 1  , 4  , 3  , 4  , 0  , 24  , 6  , 3  , 0  , 2  , 4  , 0  , 0  , 0  , 0  , 1  , 2  , 3  , 25  , 46  , 6  , 0  , 0  , 0  , 1  , 1  , 10  , 6  , 5  , 2  , 53  , 0  , 0  , 0  , 34  , 0  , 2  , 1  , 0  , 41  , 0  , 2  , 0  , 4  , 7  , 2  , 9  , 0  , 4  , 4  , 2  , 0  , 2 
 GCA   , 112  , 6  , 5  , 0  , 2  , 33  , 0  , 0  , 4  , 13  , 4  , 1  , 2  , 4  , 2  , 2  , 0  , 3  , 1  , 2  , 4  , 8  , 0  , 0  , 2  , 0  , 0  , 0  , 0  , 1  , 2  , 3  , 4  , 24  , 3  , 0  , 0  , 2  , 3  , 19  , 45  , 16  , 22  , 5  , 0  , 0  , 35  , 0  , 0  , 2  , 0  , 1  , 2  , 0  , 2  , 30  , 0  , 0  , 3  , 3  , 5  , 2  , 1  , 0  , 0  , 3  , 0  , 1 
 GCC   , 54  , 0  , 1  , 2  , 2  , 2  , 14  , 0  , 0  , 0  , 4  , 4  , 0  , 0  , 2  , 0  , 2  , 0  , 3  , 2  , 1  , 3  , 11  , 0  , 0  , 0  , 2  , 0  , 0  , 1  , 0  , 0  , 0  , 6  , 17  , 2  , 0  , 0  , 9  , 0  , 8  , 26  , 3  , 20  , 2  , 0  , 0  , 19  , 0  , 0  , 0  , 2  , 0  , 1  , 0  , 0  , 10  , 0  , 0  , 4  , 3  , 0  , 3  , 0  , 0  , 0  , 0  , 2 
 GCG   , 27  , 0  , 0  , 1  , 0  , 0  , 0  , 2  , 2  , 0  , 0  , 1  , 0  , 1  , 0  , 0  , 0  , 0  , 0  , 0  , 0  , 0  , 0  , 4  , 0  , 0  , 0  , 0  , 0  , 0  , 0  , 0  , 4  , 2  , 0  , 6  , 0  , 0  , 15  , 2  , 0  , 11  , 0  , 0  , 4  , 0  , 0  , 1  , 15  , 0  , 0  , 0  , 0  , 2  , 0  , 0  , 0  , 0  , 2  , 0  , 1  , 0  , 0  , 0  , 1  , 0  , 0  , 0 
 GCT   , 152  , 0  , 2  , 1  , 0  , 0  , 0  , 0  , 24  , 8  , 1  , 1  , 3  , 0  , 2  , 0  , 1  , 6  , 2  , 2  , 3  , 2  , 4  , 1  , 23  , 0  , 0  , 0  , 0  , 2  , 5  , 0  , 4  , 7  , 0  , 3  , 0  , 8  , 12  , 27  , 13  , 2  , 0  , 3  , 0  , 18  , 0  , 4  , 2  , 23  , 0  , 0  , 0  , 1  , 2  , 0  , 2  , 0  , 26  , 3  , 0  , 4  , 0  , 2  , 0  , 0  , 0  , 0 
 GGA   , 120  , 2  , 1  , 11  , 4  , 7  , 0  , 1  , 1  , 61  , 3  , 2  , 5  , 2  , 0  , 1  , 7  , 10  , 2  , 7  , 0  , 3  , 2  , 0  , 3  , 25  , 0  , 0  , 2  , 0  , 3  , 11  , 5  , 37  , 3  , 1  , 0  , 2  , 8  , 0  , 0  , 4  , 2  , 10  , 43  , 16  , 30  , 0  , 0  , 0  , 0  , 7  , 0  , 2  , 1  , 0  , 1  , 0  , 8  , 50  , 5  , 13  , 2  , 0  , 4  , 0  , 0  , 3 
 GGC   , 61  , 0  , 2  , 2  , 3  , 2  , 3  , 0  , 0  , 4  , 18  , 0  , 0  , 0  , 0  , 0  , 2  , 0  , 0  , 0  , 0  , 0  , 0  , 0  , 3  , 1  , 4  , 0  , 0  , 2  , 1  , 2  , 0  , 3  , 24  , 4  , 0  , 0  , 2  , 12  , 0  , 0  , 17  , 0  , 25  , 22  , 0  , 17  , 1  , 0  , 0  , 3  , 2  , 0  , 0  , 2  , 1  , 0  , 0  , 0  , 5  , 7  , 2  , 3  , 4  , 2  , 0  , 1 
 GGG   , 48  , 0  , 4  , 0  , 0  , 1  , 0  , 2  , 3  , 2  , 0  , 23  , 2  , 0  , 0  , 0  , 2  , 2  , 2  , 0  , 1  , 2  , 2  , 0  , 0  , 1  , 0  , 6  , 0  , 2  , 2  , 3  , 3  , 2  , 0  , 23  , 0  , 4  , 0  , 2  , 6  , 2  , 39  , 14  , 0  , 12  , 0  , 0  , 9  , 1  , 0  , 1  , 2  , 0  , 0  , 2  , 1  , 0  , 0  , 1  , 1  , 10  , 2  , 1  , 2  , 0  , 0  , 0 
 GGT   , 31  , 1  , 2  , 0  , 0  , 2  , 0  , 0  , 1  , 0  , 2  , 3  , 26  , 0  , 0  , 0  , 3  , 0  , 2  , 1  , 3  , 0  , 0  , 0  , 0  , 0  , 0  , 0  , 7  , 0  , 2  , 0  , 1  , 2  , 0  , 2  , 0  , 30  , 0  , 3  , 2  , 4  , 7  , 15  , 13  , 0  , 0  , 0  , 3  , 13  , 0  , 0  , 0  , 0  , 3  , 0  , 0  , 0  , 0  , 2  , 2  , 0  , 10  , 0  , 2  , 0  , 0  , 0 
 GTA   , 48  , 0  , 0  , 0  , 0  , 7  , 1  , 0  , 0  , 0  , 0  , 2  , 5  , 17  , 0  , 0  , 0  , 0  , 1  , 1  , 2  , 0  , 0  , 0  , 0  , 0  , 0  , 0  , 0  , 11  , 2  , 0  , 2  , 3  , 0  , 2  , 0  , 0  , 12  , 1  , 0  , 0  , 2  , 0  , 0  , 0  , 0  , 0  , 18  , 11  , 0  , 4  , 0  , 0  , 2  , 0  , 0  , 0  , 0  , 3  , 2  , 0  , 2  , 3  , 2  , 1  , 0  , 0 
 GTC   , 79  , 0  , 0  , 0  , 2  , 3  , 0  , 0  , 5  , 1  , 1  , 6  , 2  , 0  , 26  , 0  , 0  , 2  , 0  , 0  , 0  , 1  , 0  , 1  , 0  , 2  , 0  , 0  , 0  , 0  , 9  , 0  , 1  , 0  , 14  , 0  , 0  , 0  , 0  , 12  , 0  , 2  , 0  , 7  , 0  , 3  , 14  , 2  , 15  , 25  , 0  , 2  , 2  , 0  , 2  , 3  , 2  , 0  , 6  , 7  , 2  , 3  , 6  , 0  , 5  , 0  , 0  , 0 
 GTG   , 155  , 1  , 8  , 2  , 4  , 7  , 4  , 4  , 1  , 5  , 2  , 0  , 4  , 0  , 7  , 61  , 6  , 0  , 2  , 2  , 4  , 6  , 0  , 0  , 2  , 0  , 0  , 0  , 0  , 0  , 0  , 24  , 3  , 6  , 0  , 32  , 0  , 2  , 0  , 2  , 26  , 0  , 2  , 3  , 22  , 2  , 43  , 14  , 0  , 26  , 0  , 2  , 1  , 3  , 2  , 0  , 0  , 2  , 6  , 1  , 5  , 4  , 9  , 0  , 3  , 17  , 0  , 2 
 GTT   , 98  , 5  , 1  , 1  , 2  , 2  , 2  , 0  , 2  , 5  , 1  , 2  , 7  , 0  , 0  , 0  , 33  , 4  , 1  , 4  , 5  , 0  , 0  , 0  , 2  , 0  , 0  , 0  , 0  , 0  , 1  , 2  , 14  , 6  , 0  , 2  , 0  , 9  , 0  , 3  , 1  , 24  , 0  , 2  , 2  , 12  , 7  , 11  , 5  , 0  , 0  , 1  , 2  , 2  , 0  , 0  , 2  , 0  , 2  , 2  , 2  , 2  , 2  , 0  , 3  , 0  , 0  , 17 
 NNN   , 0  , 0  , 0  , 0  , 0  , 0  , 0  , 0  , 0  , 0  , 0  , 0  , 0  , 0  , 0  , 0  , 0  , 0  , 0  , 0  , 0  , 0  , 0  , 0  , 0  , 0  , 0  , 0  , 0  , 0  , 0  , 0  , 0  , 0  , 0  , 0  , 0  , 0  , 0  , 0  , 0  , 0  , 0  , 0  , 0  , 0  , 0  , 0  , 0  , 0  , 0  , 0  , 0  , 0  , 0  , 0  , 0  , 0  , 0  , 0  , 0  , 0  , 0  , 0  , 0  , 0  , 0  , 0 
 TAA   , 1  , 0  , 0  , 0  , 0  , 0  , 0  , 0  , 0  , 0  , 0  , 0  , 0  , 0  , 0  , 0  , 0  , 0  , 0  , 0  , 0  , 0  , 0  , 0  , 0  , 0  , 0  , 0  , 0  , 0  , 0  , 0  , 0  , 0  , 0  , 0  , 0  , 0  , 0  , 0  , 0  , 0  , 0  , 0  , 0  , 0  , 0  , 0  , 0  , 0  , 0  , 0  , 0  , 0  , 0  , 0  , 0  , 0  , 0  , 0  , 0  , 0  , 0  , 0  , 0  , 0  , 0  , 0 
 TAC   , 78  , 1  , 11  , 1  , 0  , 2  , 1  , 0  , 0  , 2  , 2  , 0  , 0  , 0  , 2  , 4  , 0  , 1  , 17  , 0  , 0  , 6  , 0  , 0  , 2  , 0  , 0  , 0  , 0  , 2  , 0  , 1  , 1  , 3  , 3  , 0  , 0  , 0  , 0  , 1  , 0  , 0  , 2  , 1  , 0  , 2  , 0  , 2  , 0  , 0  , 0  , 24  , 2  , 30  , 41  , 2  , 7  , 0  , 4  , 2  , 26  , 3  , 0  , 3  , 7  , 0  , 0  , 1 
 TAG   , 10  , 0  , 0  , 0  , 0  , 0  , 0  , 0  , 0  , 0  , 0  , 0  , 0  , 0  , 0  , 0  , 0  , 0  , 0  , 0  , 0  , 0  , 0  , 0  , 0  , 0  , 0  , 0  , 0  , 0  , 0  , 0  , 0  , 0  , 0  , 0  , 0  , 0  , 0  , 0  , 0  , 0  , 0  , 0  , 0  , 0  , 0  , 0  , 0  , 0  , 0  , 1  , 1  , 0  , 0  , 0  , 0  , 0  , 0  , 0  , 0  , 1  , 0  , 0  , 0  , 0  , 0  , 0 
 TAT   , 67  , 0  , 0  , 1  , 16  , 1  , 0  , 0  , 0  , 0  , 0  , 0  , 2  , 0  , 0  , 2  , 6  , 3  , 1  , 1  , 25  , 0  , 0  , 0  , 1  , 0  , 0  , 0  , 0  , 0  , 1  , 0  , 4  , 4  , 1  , 0  , 0  , 14  , 0  , 0  , 0  , 0  , 3  , 0  , 0  , 2  , 0  , 0  , 0  , 0  , 0  , 25  , 32  , 13  , 1  , 0  , 0  , 0  , 7  , 4  , 4  , 0  , 38  , 2  , 4  , 0  , 0  , 8 
 TCA   , 105  , 1  , 0  , 2  , 0  , 9  , 0  , 0  , 0  , 6  , 2  , 2  , 2  , 0  , 2  , 2  , 2  , 4  , 0  , 9  , 0  , 16  , 0  , 0  , 1  , 2  , 0  , 0  , 2  , 2  , 0  , 2  , 2  , 9  , 3  , 2  , 0  , 4  , 6  , 0  , 0  , 3  , 2  , 3  , 2  , 0  , 0  , 0  , 4  , 0  , 0  , 27  , 0  , 2  , 3  , 4  , 18  , 32  , 21  , 38  , 6  , 1  , 4  , 26  , 5  , 0  , 0  , 4 
 TCC   , 79  , 1  , 0  , 2  , 0  , 0  , 4  , 2  , 2  , 2  , 2  , 1  , 0  , 0  , 0  , 4  , 2  , 1  , 1  , 0  , 0  , 1  , 15  , 0  , 0  , 0  , 0  , 0  , 0  , 0  , 2  , 2  , 0  , 4  , 0  , 2  , 0  , 0  , 0  , 2  , 0  , 0  , 0  , 0  , 0  , 0  , 0  , 0  , 0  , 0  , 0  , 5  , 9  , 2  , 0  , 4  , 0  , 2  , 21  , 2  , 11  , 5  , 0  , 0  , 24  , 2  , 0  , 2 
 TCG   , 4  , 0  , 0  , 0  , 0  , 0  , 1  , 2  , 0  , 0  , 2  , 1  , 0  , 0  , 0  , 0  , 0  , 0  , 0  , 0  , 0  , 0  , 0  , 3  , 0  , 0  , 0  , 0  , 0  , 1  , 0  , 2  , 0  , 0  , 0  , 0  , 0  , 0  , 0  , 0  , 0  , 0  , 0  , 0  , 0  , 0  , 0  , 0  , 0  , 2  , 0  , 0  , 0  , 4  , 0  , 7  , 4  , 0  , 4  , 0  , 0  , 6  , 0  , 0  , 0  , 11  , 0  , 0 
 TCT   , 100  , 12  , 3  , 8  , 2  , 3  , 0  , 2  , 6  , 7  , 0  , 0  , 0  , 0  , 4  , 1  , 2  , 5  , 0  , 0  , 0  , 1  , 2  , 0  , 19  , 2  , 0  , 0  , 0  , 0  , 3  , 0  , 3  , 0  , 3  , 0  , 0  , 0  , 0  , 2  , 0  , 6  , 3  , 4  , 0  , 0  , 0  , 0  , 2  , 0  , 0  , 2  , 3  , 2  , 17  , 18  , 27  , 18  , 3  , 0  , 1  , 2  , 19  , 0  , 5  , 1  , 0  , 29 
 TGA   , 0  , 0  , 0  , 0  , 0  , 0  , 0  , 0  , 0  , 0  , 0  , 0  , 0  , 0  , 0  , 0  , 0  , 0  , 0  , 0  , 0  , 0  , 0  , 0  , 0  , 0  , 0  , 0  , 0  , 0  , 0  , 0  , 0  , 0  , 0  , 0  , 0  , 0  , 0  , 0  , 0  , 0  , 0  , 0  , 0  , 0  , 0  , 0  , 0  , 0  , 0  , 0  , 0  , 0  , 0  , 0  , 0  , 0  , 0  , 0  , 0  , 0  , 0  , 0  , 0  , 0  , 0  , 0 
 TGC   , 69  , 0  , 0  , 0  , 2  , 0  , 0  , 0  , 0  , 0  , 0  , 1  , 0  , 0  , 0  , 0  , 0  , 1  , 0  , 0  , 4  , 0  , 0  , 0  , 1  , 0  , 11  , 0  , 0  , 0  , 0  , 0  , 2  , 1  , 0  , 0  , 0  , 0  , 1  , 0  , 0  , 0  , 0  , 6  , 0  , 0  , 2  , 0  , 0  , 0  , 0  , 3  , 8  , 0  , 0  , 0  , 0  , 0  , 1  , 11  , 0  , 5  , 14  , 3  , 12  , 2  , 0  , 3 
 TGG   , 69  , 0  , 2  , 10  , 1  , 5  , 4  , 0  , 0  , 4  , 0  , 5  , 0  , 3  , 0  , 3  , 2  , 5  , 2  , 0  , 2  , 2  , 2  , 0  , 0  , 0  , 0  , 29  , 0  , 0  , 2  , 4  , 2  , 7  , 0  , 0  , 0  , 0  , 0  , 2  , 0  , 2  , 3  , 0  , 15  , 1  , 0  , 0  , 0  , 1  , 0  , 4  , 0  , 47  , 3  , 3  , 1  , 12  , 0  , 52  , 15  , 4  , 20  , 0  , 2  , 11  , 0  , 2 
 TGT   , 43  , 0  , 0  , 1  , 0  , 0  , 0  , 0  , 4  , 3  , 0  , 0  , 4  , 2  , 0  , 0  , 0  , 0  , 0  , 1  , 0  , 0  , 0  , 0  , 0  , 0  , 0  , 0  , 10  , 0  , 2  , 0  , 2  , 0  , 0  , 0  , 0  , 0  , 0  , 0  , 0  , 0  , 2  , 0  , 0  , 5  , 0  , 0  , 0  , 0  , 0  , 1  , 0  , 0  , 6  , 0  , 2  , 0  , 9  , 7  , 11  , 3  , 0  , 0  , 0  , 0  , 0  , 4 
 TTA   , 153  , 3  , 0  , 3  , 3  , 8  , 0  , 0  , 6  , 6  , 1  , 4  , 0  , 9  , 1  , 0  , 1  , 4  , 2  , 0  , 3  , 2  , 0  , 0  , 2  , 0  , 0  , 0  , 0  , 32  , 2  , 4  , 6  , 2  , 0  , 3  , 0  , 2  , 4  , 3  , 2  , 0  , 0  , 0  , 2  , 0  , 6  , 3  , 4  , 4  , 0  , 27  , 1  , 4  , 1  , 34  , 1  , 0  , 3  , 27  , 1  , 5  , 7  , 1  , 25  , 52  , 0  , 32 
 TTC   , 167  , 2  , 2  , 2  , 1  , 7  , 0  , 0  , 4  , 8  , 1  , 0  , 4  , 2  , 2  , 2  , 2  , 7  , 2  , 4  , 4  , 3  , 0  , 0  , 5  , 0  , 0  , 0  , 0  , 0  , 22  , 7  , 4  , 6  , 0  , 4  , 0  , 3  , 2  , 7  , 0  , 2  , 5  , 2  , 0  , 0  , 4  , 23  , 0  , 3  , 0  , 3  , 4  , 2  , 1  , 2  , 21  , 0  , 4  , 2  , 19  , 6  , 6  , 26  , 2  , 28  , 0  , 68 
 TTG   , 132  , 0  , 2  , 11  , 6  , 7  , 0  , 0  , 0  , 5  , 3  , 0  , 6  , 5  , 0  , 4  , 2  , 2  , 2  , 3  , 2  , 2  , 2  , 2  , 6  , 0  , 0  , 3  , 1  , 0  , 3  , 41  , 3  , 6  , 0  , 2  , 0  , 1  , 6  , 4  , 0  , 2  , 0  , 1  , 0  , 0  , 2  , 0  , 11  , 1  , 0  , 4  , 3  , 19  , 6  , 0  , 3  , 26  , 0  , 2  , 5  , 12  , 2  , 41  , 18  , 0  , 0  , 30 
 TTN   , 0  , 0  , 0  , 0  , 0  , 0  , 0  , 0  , 0  , 0  , 0  , 0  , 0  , 0  , 0  , 0  , 0  , 0  , 0  , 0  , 0  , 0  , 0  , 0  , 0  , 0  , 0  , 0  , 0  , 0  , 0  , 0  , 0  , 0  , 0  , 0  , 0  , 0  , 0  , 0  , 0  , 0  , 0  , 0  , 0  , 0  , 0  , 0  , 0  , 0  , 0  , 0  , 0  , 0  , 0  , 0  , 0  , 0  , 0  , 0  , 0  , 0  , 0  , 0  , 0  , 0  , 0  , 0 
 TTT   , 196  , 3  , 6  , 5  , 9  , 4  , 5  , 0  , 4  , 9  , 3  , 2  , 6  , 0  , 2  , 0  , 15  , 3  , 2  , 2  , 3  , 7  , 0  , 0  , 1  , 1  , 0  , 0  , 2  , 0  , 0  , 2  , 45  , 2  , 2  , 2  , 0  , 7  , 5  , 1  , 0  , 0  , 6  , 7  , 6  , 1  , 0  , 2  , 0  , 20  , 0  , 0  , 2  , 0  , 16  , 1  , 0  , 0  , 29  , 0  , 1  , 0  , 25  , 9  , 40  , 16  , 0  , 4 

# Amino acid change table

aa  , *  , -  , ?  , A  , C  , D  , E  , F  , G  , H  , I  , K  , L  , M  , N  , P  , Q  , R  , S  , T  , V  , W  , Y 
 * , 1 , 11 , 0 , 0 , 0 , 0 , 0 , 0 , 0 , 0 , 0 , 0 , 0 , 0 , 0 , 0 , 0 , 0 , 0 , 0 , 0 , 1 , 1 
 - , 13 , 0 , 352 , 11 , 10 , 10 , 11 , 55 , 20 , 7 , 12 , 27 , 16 , 10 , 6 , 11 , 17 , 20 , 26 , 10 , 9 , 12 , 20 
 ? , 0 , 11 , 3 , 0 , 0 , 0 , 0 , 0 , 0 , 0 , 0 , 0 , 0 , 0 , 0 , 0 , 0 , 0 , 0 , 0 , 0 , 0 , 0 
 A , 17 , 345 , 0 , 208 , 13 , 30 , 50 , 4 , 77 , 14 , 14 , 10 , 31 , 2 , 12 , 58 , 15 , 30 , 87 , 81 , 101 , 6 , 6 
 C , 22 , 112 , 0 , 1 , 25 , 0 , 1 , 19 , 13 , 4 , 2 , 1 , 11 , 0 , 2 , 1 , 2 , 25 , 16 , 4 , 2 , 8 , 14 
 D , 16 , 204 , 1 , 25 , 5 , 87 , 57 , 10 , 93 , 38 , 9 , 8 , 19 , 3 , 65 , 15 , 6 , 35 , 21 , 10 , 45 , 11 , 52 
 E , 141 , 364 , 3 , 46 , 7 , 69 , 100 , 14 , 78 , 12 , 6 , 82 , 32 , 3 , 12 , 6 , 51 , 27 , 30 , 11 , 44 , 13 , 5 
 F , 7 , 363 , 0 , 17 , 51 , 12 , 14 , 114 , 27 , 11 , 23 , 12 , 159 , 2 , 18 , 16 , 16 , 22 , 71 , 24 , 52 , 6 , 23 
 G , 66 , 253 , 7 , 45 , 29 , 63 , 74 , 16 , 235 , 10 , 16 , 16 , 43 , 1 , 16 , 15 , 20 , 141 , 71 , 23 , 74 , 30 , 8 
 H , 6 , 127 , 2 , 6 , 2 , 8 , 5 , 10 , 4 , 45 , 2 , 1 , 25 , 0 , 17 , 27 , 22 , 33 , 9 , 6 , 0 , 0 , 43 
 I , 37 , 499 , 3 , 18 , 23 , 13 , 16 , 64 , 20 , 15 , 182 , 33 , 79 , 74 , 94 , 9 , 20 , 41 , 102 , 140 , 164 , 9 , 17 
 K , 80 , 362 , 15 , 7 , 9 , 10 , 103 , 14 , 22 , 11 , 23 , 136 , 41 , 12 , 70 , 20 , 48 , 87 , 32 , 55 , 14 , 3 , 10 
 L , 123 , 770 , 24 , 28 , 27 , 20 , 38 , 177 , 21 , 42 , 63 , 28 , 518 , 18 , 25 , 151 , 39 , 91 , 117 , 45 , 109 , 22 , 16 
 M , 5 , 129 , 2 , 6 , 5 , 0 , 5 , 6 , 8 , 7 , 80 , 30 , 45 , 1 , 13 , 1 , 6 , 39 , 18 , 51 , 56 , 4 , 6 
 N , 6 , 193 , 0 , 5 , 5 , 38 , 7 , 5 , 10 , 19 , 38 , 90 , 10 , 0 , 102 , 11 , 18 , 7 , 50 , 25 , 6 , 12 , 24 
 P , 20 , 184 , 3 , 41 , 5 , 3 , 6 , 7 , 6 , 26 , 8 , 5 , 75 , 3 , 6 , 111 , 4 , 52 , 85 , 43 , 7 , 2 , 4 
 Q , 135 , 300 , 2 , 17 , 8 , 8 , 40 , 6 , 13 , 55 , 5 , 66 , 40 , 1 , 15 , 56 , 100 , 73 , 29 , 22 , 3 , 11 , 4 
 R , 59 , 346 , 5 , 12 , 29 , 6 , 9 , 11 , 90 , 32 , 32 , 61 , 58 , 10 , 18 , 37 , 50 , 159 , 71 , 29 , 14 , 20 , 11 
 S , 92 , 430 , 10 , 26 , 60 , 15 , 22 , 77 , 55 , 7 , 50 , 50 , 71 , 13 , 50 , 61 , 24 , 103 , 249 , 67 , 15 , 17 , 37 
 T , 13 , 346 , 4 , 72 , 13 , 15 , 14 , 22 , 23 , 9 , 91 , 34 , 17 , 18 , 53 , 56 , 9 , 41 , 98 , 206 , 17 , 12 , 8 
 V , 27 , 371 , 9 , 83 , 30 , 25 , 51 , 32 , 57 , 15 , 89 , 9 , 90 , 61 , 17 , 12 , 13 , 23 , 45 , 38 , 191 , 9 , 11 
 W , 103 , 69 , 0 , 4 , 35 , 0 , 7 , 4 , 19 , 4 , 5 , 10 , 19 , 3 , 3 , 4 , 5 , 38 , 16 , 9 , 1 , 4 , 3 
 Y , 98 , 142 , 3 , 1 , 68 , 18 , 7 , 20 , 10 , 43 , 8 , 3 , 14 , 6 , 27 , 9 , 5 , 2 , 24 , 4 , 2 , 3 , 76 

# Chromosome change table

7, Position,0,1000000,2000000,3000000,4000000,5000000,6000000,7000000,8000000,9000000,10000000,11000000,12000000,13000000,14000000,15000000,16000000,17000000,18000000,19000000,20000000,21000000,22000000,23000000,24000000,25000000,26000000,27000000,28000000,29000000,30000000,31000000,32000000,33000000,34000000,35000000,36000000,37000000,38000000,39000000,40000000,41000000,42000000,43000000,44000000,45000000,46000000,47000000,48000000,49000000,50000000,51000000,52000000,53000000,54000000,55000000,56000000,57000000,58000000,59000000,60000000,61000000,62000000,63000000,64000000,65000000,66000000,67000000,68000000,69000000,70000000,71000000,72000000,73000000,74000000,75000000,76000000,77000000,78000000,79000000,80000000,81000000,82000000,83000000,84000000,85000000,86000000,87000000,88000000,89000000,90000000,91000000,92000000,93000000,94000000,95000000,96000000,97000000,98000000,99000000,100000000,101000000,102000000,103000000,104000000,105000000,106000000,107000000,108000000,109000000,110000000,111000000,112000000,113000000,114000000,115000000,116000000,117000000,118000000,119000000,120000000,121000000,122000000,123000000,124000000,125000000,126000000,127000000,128000000,129000000,130000000,131000000,132000000,133000000,134000000,135000000,136000000,137000000,138000000,139000000,140000000,141000000,142000000,143000000,144000000,145000000,146000000,147000000,148000000,149000000,150000000,151000000,152000000,153000000,154000000,155000000,156000000,157000000,158000000,159000000
7,Count,0,0,0,0,0,0,0,0,0,0,0,0,0,0,0,0,0,0,0,0,0,0,0,0,0,0,0,0,0,0,0,0,0,0,0,0,0,0,0,0,0,0,0,0,0,0,0,0,0,0,0,0,0,0,0,0,0,0,0,0,0,0,0,0,0,0,0,0,0,0,0,0,0,0,0,0,0,0,0,0,0,0,0,0,0,0,0,0,0,0,0,0,0,0,0,0,0,0,0,0,0,0,0,0,0,0,0,0,0,0,0,0,0,0,0,0,0,6152,0,0,0,0,0,0,0,0,0,0,0,0,0,0,0,0,0,0,0,0,0,0,0,0,0,0,0,0,0,0,0,0,0,0,0,0,0,0,0,0,0,0

